Average: 3311.8121546961324
Median: 701.0
Min: 0
Max: 44752
STD: 7223.191584116174
