Average: 29.952430919902064
Median: 23.0
Min: 3
Max: 200
STD: 27.205336810700356
