Average: 37.96855407523511
Median: 23.0
Min: 3
Max: 2640
STD: 77.78098515845403
