Average: 44.59307105108632
Median: 26.0
Min: 3
Max: 3083
STD: 105.41078385000382
