Average: 110.56906077348066
Median: 22.0
Min: 0
Max: 1450
STD: 238.16634219926294
