Average: 112.9060773480663
Median: 23.0
Min: 1
Max: 1475
STD: 240.2843090790266
