Average: 715.8052765702294
Median: 43.0
Min: 0
Max: 16320
STD: 1382.2901054951894
