Average: 857.1937267567039
Median: 48.0
Min: 0
Max: 30021
STD: 1792.197735501692
