Average: 5034.828729281768
Median: 1601.0
Min: 21
Max: 54240
STD: 9269.00029883089
