Average: 37.254439321102716
Median: 23.0
Min: 3
Max: 2535
STD: 73.98037782090175
